{
 "cells": [
  {
   "cell_type": "markdown",
   "id": "85a1ac22-7c87-4d66-af08-1e8aa5dbbbff",
   "metadata": {},
   "source": [
    "### Analysis scripts (back and forth between macroparticles and twiss)"
   ]
  },
  {
   "cell_type": "code",
   "execution_count": 7,
   "id": "76c786a8-14ec-45ce-9d08-c41379e458ce",
   "metadata": {},
   "outputs": [],
   "source": [
    "import pyclara\n",
    "import sympy\n",
    "import pandas"
   ]
  },
  {
   "cell_type": "code",
   "execution_count": 2,
   "id": "5a37f95f-9948-4425-ad0d-e70a9fd4fe14",
   "metadata": {},
   "outputs": [],
   "source": [
    "bd = pyclara.Converters.sdds2beam_dict(\"../Run/FEBE_input.sdds\")\n",
    "cm = pyclara.Analysis.covarianceFromBeamDict(bd)\n",
    "em = pyclara.Analysis.emittance(bd)"
   ]
  },
  {
   "cell_type": "code",
   "execution_count": 11,
   "id": "24522acc-701a-4c30-a736-acaff9c9a905",
   "metadata": {},
   "outputs": [
    {
     "data": {
      "text/html": [
       "<div>\n",
       "<style scoped>\n",
       "    .dataframe tbody tr th:only-of-type {\n",
       "        vertical-align: middle;\n",
       "    }\n",
       "\n",
       "    .dataframe tbody tr th {\n",
       "        vertical-align: top;\n",
       "    }\n",
       "\n",
       "    .dataframe thead th {\n",
       "        text-align: right;\n",
       "    }\n",
       "</style>\n",
       "<table border=\"1\" class=\"dataframe\">\n",
       "  <thead>\n",
       "    <tr style=\"text-align: right;\">\n",
       "      <th></th>\n",
       "      <th>0</th>\n",
       "      <th>1</th>\n",
       "      <th>2</th>\n",
       "      <th>3</th>\n",
       "      <th>4</th>\n",
       "      <th>5</th>\n",
       "    </tr>\n",
       "  </thead>\n",
       "  <tbody>\n",
       "    <tr>\n",
       "      <th>0</th>\n",
       "      <td>3.325783e-08</td>\n",
       "      <td>-2.173556e-08</td>\n",
       "      <td>-1.281744e-11</td>\n",
       "      <td>9.663374e-10</td>\n",
       "      <td>-1.399815e-10</td>\n",
       "      <td>-1.336729e-09</td>\n",
       "    </tr>\n",
       "    <tr>\n",
       "      <th>1</th>\n",
       "      <td>-2.173556e-08</td>\n",
       "      <td>1.530410e-08</td>\n",
       "      <td>-9.281973e-10</td>\n",
       "      <td>-3.287149e-11</td>\n",
       "      <td>1.257123e-10</td>\n",
       "      <td>1.132852e-09</td>\n",
       "    </tr>\n",
       "    <tr>\n",
       "      <th>2</th>\n",
       "      <td>-1.281744e-11</td>\n",
       "      <td>-9.281973e-10</td>\n",
       "      <td>3.334988e-08</td>\n",
       "      <td>-2.177261e-08</td>\n",
       "      <td>9.417522e-11</td>\n",
       "      <td>8.567228e-10</td>\n",
       "    </tr>\n",
       "    <tr>\n",
       "      <th>3</th>\n",
       "      <td>9.663374e-10</td>\n",
       "      <td>-3.287149e-11</td>\n",
       "      <td>-2.177261e-08</td>\n",
       "      <td>1.531359e-08</td>\n",
       "      <td>-5.641417e-11</td>\n",
       "      <td>-5.755920e-10</td>\n",
       "    </tr>\n",
       "    <tr>\n",
       "      <th>4</th>\n",
       "      <td>-1.399815e-10</td>\n",
       "      <td>1.257123e-10</td>\n",
       "      <td>9.417522e-11</td>\n",
       "      <td>-5.641417e-11</td>\n",
       "      <td>1.338881e-07</td>\n",
       "      <td>1.112632e-06</td>\n",
       "    </tr>\n",
       "    <tr>\n",
       "      <th>5</th>\n",
       "      <td>-1.336729e-09</td>\n",
       "      <td>1.132852e-09</td>\n",
       "      <td>8.567228e-10</td>\n",
       "      <td>-5.755920e-10</td>\n",
       "      <td>1.112632e-06</td>\n",
       "      <td>9.366604e-06</td>\n",
       "    </tr>\n",
       "  </tbody>\n",
       "</table>\n",
       "</div>"
      ],
      "text/plain": [
       "              0             1             2             3             4  \\\n",
       "0  3.325783e-08 -2.173556e-08 -1.281744e-11  9.663374e-10 -1.399815e-10   \n",
       "1 -2.173556e-08  1.530410e-08 -9.281973e-10 -3.287149e-11  1.257123e-10   \n",
       "2 -1.281744e-11 -9.281973e-10  3.334988e-08 -2.177261e-08  9.417522e-11   \n",
       "3  9.663374e-10 -3.287149e-11 -2.177261e-08  1.531359e-08 -5.641417e-11   \n",
       "4 -1.399815e-10  1.257123e-10  9.417522e-11 -5.641417e-11  1.338881e-07   \n",
       "5 -1.336729e-09  1.132852e-09  8.567228e-10 -5.755920e-10  1.112632e-06   \n",
       "\n",
       "              5  \n",
       "0 -1.336729e-09  \n",
       "1  1.132852e-09  \n",
       "2  8.567228e-10  \n",
       "3 -5.755920e-10  \n",
       "4  1.112632e-06  \n",
       "5  9.366604e-06  "
      ]
     },
     "execution_count": 11,
     "metadata": {},
     "output_type": "execute_result"
    }
   ],
   "source": [
    "pandas.DataFrame(cm)"
   ]
  },
  {
   "cell_type": "code",
   "execution_count": 12,
   "id": "384d875a-8b20-4d12-8527-451a23ac9630",
   "metadata": {},
   "outputs": [
    {
     "data": {
      "text/plain": [
       "{'emit_x': np.float64(3.654667706119602e-17),\n",
       " 'emit_y': np.float64(3.6659702123478913e-17),\n",
       " 'emit_z': np.float64(1.612602045391458e-14)}"
      ]
     },
     "execution_count": 12,
     "metadata": {},
     "output_type": "execute_result"
    }
   ],
   "source": [
    "em"
   ]
  },
  {
   "cell_type": "code",
   "execution_count": 22,
   "id": "70cb49f7-b22f-40dd-83c9-541f30e18ef5",
   "metadata": {},
   "outputs": [
    {
     "data": {
      "text/plain": [
       "np.float64(6.212733315156579e-05)"
      ]
     },
     "execution_count": 22,
     "metadata": {},
     "output_type": "execute_result"
    }
   ],
   "source": [
    "import numpy\n",
    "numpy.sqrt(1.612602045391458e-14)*(250/0.511)"
   ]
  },
  {
   "cell_type": "code",
   "execution_count": null,
   "id": "c600ea64-1329-4477-a361-1dafb852b164",
   "metadata": {},
   "outputs": [],
   "source": []
  }
 ],
 "metadata": {
  "kernelspec": {
   "display_name": "Python 3 (ipykernel)",
   "language": "python",
   "name": "python3"
  },
  "language_info": {
   "codemirror_mode": {
    "name": "ipython",
    "version": 3
   },
   "file_extension": ".py",
   "mimetype": "text/x-python",
   "name": "python",
   "nbconvert_exporter": "python",
   "pygments_lexer": "ipython3",
   "version": "3.12.13"
  }
 },
 "nbformat": 4,
 "nbformat_minor": 5
}
